START 3516 1272 616 178 4041 547 END
START 3420 1472 3684 167 4006 763 END
START 3572 1264 532 212 3967 749 END
START 3240 1244 728 686 4042 627 END
START 3128 1204 888 764 4085 411 END
START 3048 1136 1004 945 3827 233 END
START 3068 1016 1016 702 4038 4087 END
START 3052 1012 1404 760 3965 3575 END
START 3280 1100 1276 688 3801 3481 END
START 3240 1200 1500 498 115 3134 END
START 3316 1000 1648 3977 4061 3058 END
START 3708 1248 1756 3505 247 3002 END
START 3932 1508 1528 3071 117 3583 END
START 4036 1280 1148 2923 4053 111 END
START 3800 1204 884 3121 3835 499 END
START 3832 1140 760 3216 3954 382 END
START 3472 1276 744 3195 4057 470 END
START 3424 1016 496 3308 119 354 END
START 3384 1016 372 4059 4075 244 END
START 3476 1120 500 188 3985 217 END
START 3432 1260 480 126 119 254 END
START 3320 1136 436 4075 254 4095 END
START 3248 1116 360 177 368 4090 END
START 3280 1252 472 763 229 3818 END
START 3408 1208 480 883 229 3772 END
START 3580 1236 764 1178 501 3799 END
START 3508 1248 1016 1214 246 3762 END
START 3552 1288 1212 1402 4059 4062 END
START 3832 1464 1008 1271 190 3833 END
START 3836 1516 1360 1249 232 4089 END
START 3832 1724 1528 895 3967 490 END
START 3636 1784 1756 721 3993 737 END
START 3572 1764 1524 3799 133 1019 END
START 3312 1520 1244 3314 237 1008 END
START 3180 1484 1012 3580 4066 765 END
START 3184 1376 1016 3986 4074 299 END
START 3248 1480 948 4015 4092 4073 END